Applying weight drop of 0.5 to weight_hh_l0
Applying weight drop of 0.5 to weight_hh_l0
Applying weight drop of 0.5 to weight_hh_l0
[WeightDrop (
  (module): LSTM(400, 1150)
), WeightDrop (
  (module): LSTM(1150, 1150)
), WeightDrop (
  (module): LSTM(1150, 400)
)]
Args: Namespace(GD='NT-AWDSGD', T=1, alpha=2, batch_size=80, beta=1, bptt=70, clip=0.25, cuda=True, data='data/penn/', dropout=0.4, dropoute=0.1, dropouth=0.3, dropouti=0.65, emsize=400, epochs=8000, evalbatchsize=10, log_interval=200, logging='csv', lr=30, model='LSTM', nhid=1150, nlayers=3, nonmono=5, save='15173127749536977.pt', seed=1111, testbatchsize=1, tied=True, wdecay=1.2e-06, wdrop=0.5)
Model total parameters: 24221600
  1, 120.61,  6.51,   669.77
  2, 120.04,  6.26,   520.95
  3, 120.12,  5.93,   375.51
  4, 120.18,  5.64,   281.21
  5, 120.01,  5.51,   246.06
  6, 120.19,  5.33,   205.66
  7, 120.12,  5.20,   180.90
  8, 120.02,  5.20,   180.80
  9, 120.25,  5.06,   158.27
 10, 120.08,  5.02,   152.14
 11, 120.17,  4.97,   143.92
 12, 120.24,  4.95,   140.64
 13, 120.07,  4.86,   129.44
 14, 120.14,  4.83,   125.45
 15, 120.18,  4.81,   123.06
 16, 120.11,  4.79,   120.16
 17, 120.09,  4.74,   114.04
 18, 120.24,  4.70,   109.41
 19, 120.11,  4.69,   109.26
 20, 120.18,  4.65,   104.55
 21, 120.08,  4.64,   104.04
 22, 120.13,  4.61,   100.29
 23, 120.16,  4.61,   100.08
 24, 120.21,  4.60,    99.49
 25, 120.24,  4.57,    96.44
 26, 120.20,  4.55,    94.37
 27, 120.19,  4.53,    92.71
 28, 120.19,  4.52,    91.60
 29, 120.19,  4.51,    90.86
 30, 120.24,  4.51,    90.74
 31, 120.21,  4.49,    89.28
 32, 120.22,  4.48,    88.28
 33, 120.24,  4.46,    86.15
 34, 120.19,  4.46,    86.69
 35, 120.30,  4.46,    86.28
 36, 120.24,  4.43,    84.33
 37, 120.15,  4.43,    84.24
 38, 120.22,  4.43,    83.98
 39, 120.13,  4.42,    82.88
 40, 120.06,  4.42,    83.02
 41, 120.23,  4.40,    81.65
 42, 120.16,  4.41,    82.15
 43, 120.15,  4.40,    81.63
 44, 120.30,  4.39,    80.34
 45, 120.36,  4.37,    79.31
 46, 120.37,  4.38,    80.24
 47, 120.33,  4.37,    78.91
 48, 120.37,  4.37,    79.24
 49, 120.33,  4.36,    78.26
 50, 120.21,  4.37,    79.10
 51, 120.24,  4.35,    77.71
 52, 120.30,  4.36,    77.92
 53, 120.27,  4.34,    76.85
 54, 120.38,  4.34,    77.06
 55, 120.29,  4.35,    77.12
 56, 120.21,  4.33,    76.11
 57, 120.21,  4.33,    75.62
 58, 120.44,  4.32,    75.11
